b_i = 1.46
x = b_i / 11100 * (5*10^-7 / (1 ));

x